1 , 234 1 7 ;
2 , 206 70 0 ;
3 , 185 90 1 ;
4 , 169 101 0 ;
5 , 154 109 4 ;
6 , 141 114 3 ;
7 , 128 119 4 ;
8 , 114 124 3 ;
9 , 97 128 0 ;
10 , 75 132 2 ;
11 , 34 136 2 ;
12 , 6 137 45 ;
13 , 6 136 72 ;
14 , 6 135 90 ;
15 , 8 135 103 ;
16 , 3 134 114 ;
17 , 0 133 124 ;
18 , 12 132 132 ;
19 , 3 132 140 ;
20 , 6 131 148 ;
21 , 5 130 156 ;
22 , 1 129 165 ;
23 , 15 128 173 ;
24 , 3 127 186 ;
25 , 10 125 199 ;
26 , 254 79 49 ;
27 , 248 87 1 ;
28 , 223 111 3 ;
29 , 204 123 3 ;
30 , 187 132 3 ;
31 , 171 139 6 ;
32 , 156 145 1 ;
33 , 139 150 0 ;
34 , 119 155 5 ;
35 , 93 160 5 ;
36 , 42 166 1 ;
37 , 1 166 56 ;
38 , 5 165 88 ;
39 , 4 164 110 ;
40 , 11 163 126 ;
41 , 14 162 139 ;
42 , 3 162 151 ;
43 , 14 161 161 ;
44 , 0 160 171 ;
45 , 5 159 180 ;
46 , 7 158 189 ;
47 , 8 157 199 ;
48 , 14 156 210 ;
49 , 13 154 224 ;
50 , 0 152 241 ;
51 , 253 136 106 ;
52 , 254 136 82 ;
53 , 254 138 43 ;
54 , 240 147 6 ;
55 , 221 157 3 ;
56 , 203 165 3 ;
57 , 184 172 4 ;
58 , 164 178 4 ;
59 , 141 184 5 ;
60 , 110 190 3 ;
61 , 53 196 5 ;
62 , 6 197 68 ;
63 , 3 196 105 ;
64 , 0 195 130 ;
65 , 13 193 150 ;
66 , 5 192 165 ;
67 , 9 191 178 ;
68 , 15 190 190 ;
69 , 21 189 201 ;
70 , 4 188 212 ;
71 , 10 187 223 ;
72 , 17 186 235 ;
73 , 11 184 248 ;
74 , 68 181 253 ;
75 , 101 177 252 ;
